0 0.5743750000000001 0.5483333333333333 0.04874999999999996 0.053333333333333344
0 0.7 0.5141666666666667 0.010000000000000009 0.0050000000000000044
0 0.72 0.52 0.0 0.0
0 0.7225 0.5125 0.022499999999999964 0.015000000000000013
0 0.72875 0.5316666666666667 0.04749999999999999 0.013333333333333308
0 0.48624999999999996 0.7983333333333333 0.5175 0.3999999999999999
0 0.736875 0.5183333333333333 0.026249999999999996 0.010000000000000009
0 0.691875 0.5116666666666667 0.011249999999999982 0.010000000000000009
0 0.75375 0.6108333333333333 0.16500000000000004 0.15166666666666662
0 0.485 0.5575 0.05249999999999999 0.05499999999999994
0 0.1175 0.8274999999999999 0.235 0.3416666666666667