0 0.674375 0.54 0.008749999999999925 0.01666666666666672
0 0.830625 0.5466666666666666 0.08625000000000005 0.036666666666666625
0 0.463125 0.5208333333333333 0.008750000000000036 0.0050000000000000044
0 0.94125 0.525 0.0 0.0
0 0.54125 0.5266666666666666 0.03249999999999997 0.01666666666666672
0 0.4825 0.5233333333333333 0.010000000000000009 0.006666666666666599
0 0.630625 0.5725 0.14625 0.11499999999999999
0 0.48875 0.5216666666666667 0.0050000000000000044 0.0033333333333332993
0 0.8775 0.565 0.12750000000000006 0.033333333333333326
0 0.51625 0.5541666666666667 0.04999999999999999 0.03833333333333333
0 0.500625 0.5241666666666667 0.011249999999999982 0.008333333333333304
0 0.986875 0.8716666666666666 0.02375000000000005 0.17000000000000004
0 0.29125 0.58 0.08250000000000002 0.07666666666666666
0 0.608125 0.8291666666666666 0.42875 0.33833333333333326