0 0.736875 0.5258333333333334 0.02375000000000005 0.021666666666666612
0 0.941875 0.5358333333333334 0.11375000000000002 0.04500000000000004
0 0.50625 0.5066666666666666 0.010000000000000009 0.0033333333333332993
0 0.58875 0.5116666666666667 0.02750000000000008 0.01666666666666672
0 0.526875 0.5083333333333333 0.011249999999999982 0.00666666666666671
0 0.683125 0.5591666666666667 0.16125 0.12166666666666665
0 0.5325 0.5083333333333333 0.0050000000000000044 0.00666666666666671
0 0.964375 0.5525 0.06874999999999998 0.02833333333333332
0 0.55875 0.5391666666666667 0.05249999999999999 0.03833333333333333
0 0.54625 0.5091666666666667 0.012499999999999956 0.008333333333333304
0 0.333125 0.5641666666666667 0.08125000000000004 0.07500000000000007
0 0.626875 0.8200000000000001 0.43875 0.3566666666666666