0 0.82125 0.6833333333333333 0.355 0.31000000000000005
0 0.45999999999999996 0.525 0.019999999999999962 0.050000000000000044
0 0.31125 0.5225 0.2775 0.2916666666666667
0 0.608125 0.5091666666666668 0.003750000000000031 0.0050000000000000044
0 0.943125 0.5466666666666666 0.11125000000000007 0.033333333333333326
0 0.505 0.5958333333333333 0.08000000000000002 0.10833333333333339
0 0.78625 0.49916666666666665 0.1399999999999999 0.08833333333333332
0 0.598125 0.505 0.013749999999999929 0.013333333333333364
0 0.6637500000000001 0.51 0.025000000000000022 0.020000000000000018
0 0.503125 0.5325 0.026249999999999996 0.015000000000000013
0 0.9393750000000001 0.6233333333333333 0.11875000000000002 0.08999999999999997