0 0.45625000000000004 0.525 0.02250000000000002 0.050000000000000044
0 0.286875 0.5241666666666667 0.31625000000000003 0.31833333333333336
0 0.59375 0.5075000000000001 0.007500000000000062 0.0050000000000000044
0 0.776875 0.5283333333333333 0.053749999999999964 0.016666666666666607
0 0.500625 0.5916666666666667 0.07624999999999993 0.10333333333333328
0 0.690625 0.49916666666666665 0.07625000000000004 0.05833333333333335
0 0.580625 0.5041666666666667 0.008749999999999925 0.011666666666666659
0 0.9924999999999999 0.5383333333333333 0.012500000000000067 0.050000000000000044
0 0.630625 0.5075000000000001 0.018750000000000044 0.015000000000000013
0 0.5193749999999999 0.5408333333333333 0.026249999999999996 0.03166666666666662
0 0.944375 0.6616666666666666 0.10875000000000001 0.1433333333333333